   52.5167   13.3833
   53.5500   10.0000
   48.1333   11.5667
   50.9333    6.9500
   50.1167    8.6833
   48.7833    9.1833
   51.2333    6.7833
   51.5167    7.4667
   51.4500    7.0167
   51.3333   12.3833
   53.0833    8.8000
   51.0333   13.7333
   52.3667    9.7167
   49.4500   11.0833
   51.4333    6.7667
   51.4833    7.2167
   51.2667    7.1833
   52.0167    8.5333
   50.7333    7.1000
   51.9667    7.6333
   49.0000    8.4000
   49.4833    8.4667
   48.3667   10.9000
   50.0833    8.2333
   51.5167    7.1000
   51.2000    6.4333
   52.2667   10.5167
   50.8333   12.9167
   54.3333   10.1333
   50.7833    6.0833
   51.4833   11.9667
   52.1333   11.6167
   47.9833    7.8500
   51.3333    6.5667
   53.8667   10.6833
   51.4667    6.8500
   50.9833   11.0333
   50.0000    8.2667
   54.0833   12.1333
   51.3167    9.5000
   51.3667    7.4833
   51.6833    7.8167
   49.2333    7.0000
   51.4333    6.8833
   52.4000   13.0667
   49.4833    8.4333
   53.1333    8.2167
   51.0333    6.9833
   52.2833    8.0500
   51.1667    7.0833
   49.4167    8.7167
   51.5500    7.2167
   51.2000    6.7000
   49.8667    8.6500
   51.7167    8.7667
   49.0167   12.0833
   48.7667   11.4333
   49.7833    9.9333
   49.4667   11.0000
   52.4231   10.7872
   50.1000    8.8000
   48.4000    9.9833
   49.1500    9.2167
   48.9000    8.7167
   51.5333    9.9333
   51.5247    6.9228
   49.7500    6.6333
   51.5850    7.1619
   48.4833    9.2167
   53.5500    8.5833
   50.3597    7.5978
   51.1000    7.1167
   50.9272   11.5861
   51.1833    7.2000
   49.5833   11.0167
   51.4592    6.6197
   50.8833    8.0167
   52.1500    9.9500
   52.1500   10.3333
